1000
26 45
41 36
1 9
37 33
35 40
0 36
5 31
28 2
27 12
24 15
22 32
35 28
46 39
28 33
25 15
10 45
28 21
5 20
27 23
34 1
25 36
37 10
24 40
6 21
30 35
45 32
25 18
23 12
37 48
5 12
17 42
39 47
46 3
31 15
39 8
29 45
44 49
45 22
25 12
22 23
30 38
47 42
8 3
27 25
28 32
19 36
28 39
38 21
26 13
24 31
0 11
12 2
48 45
34 16
37 7
43 34
44 9
21 8
43 18
27 19
7 41
41 14
23 15
22 29
41 15
15 36
7 9
0 2
43 41
29 48
27 48
24 24
24 33
35 38
20 12
29 34
9 28
23 35
0 24
43 5
12 15
17 7
27 34
4 40
34 41
21 35
34 40
42 48
36 18
21 24
47 26
4 19
8 27
16 2
38 0
19 18
40 34
39 6
8 32
28 14
37 39
24 20
27 4
38 41
48 42
2 21
4 46
6 9
33 8
11 33
36 4
35 42
42 10
11 20
43 28
37 13
13 41
34 15
6 11
12 11
9 1
38 20
24 7
7 34
1 1
41 40
13 12
5 10
43 22
2 26
43 23
16 1
25 28
32 11
19 3
29 7
42 1
3 42
20 19
22 7
44 5
40 33
12 9
7 38
10 21
21 4
47 14
23 29
39 16
37 6
32 20
22 33
10 3
5 41
9 36
37 29
42 17
45 6
38 2
4 16
33 10
19 31
38 17
26 48
14 20
3 7
19 16
22 42
7 13
10 47
43 30
17 43
26 14
26 17
34 20
21 42
14 4
16 43
14 25
0 12
0 1
26 29
43 27
39 11
35 22
34 44
11 13
38 8
7 30
23 14
24 46
37 31
18 11
42 41
32 23
11 41
11 30
48 19
41 0
29 17
17 14
45 41
36 17
28 3
9 23
31 3
33 17
35 2
30 7
31 17
10 16
37 21
27 45
14 38
21 47
15 42
11 7
5 3
21 30
40 30
25 20
40 27
48 36
4 39
31 44
38 10
18 19
9 27
9 19
29 16
0 46
3 8
30 43
6 49
4 22
10 44
4 33
46 29
21 28
9 41
21 38
16 33
35 20
29 11
10 8
32 12
6 28
29 47
37 38
19 33
40 45
9 7
17 34
3 35
8 43
43 43
40 44
37 24
12 47
1 45
42 37
30 13
46 10
39 28
44 40
32 19
20 43
42 12
14 27
7 44
5 13
43 14
3 45
12 31
46 9
48 18
24 11
4 35
27 33
40 12
27 27
17 40
42 0
0 8
26 4
35 30
31 45
37 23
22 27
11 4
30 3
43 21
43 0
5 21
20 2
25 31
40 36
34 48
39 15
46 12
31 37
14 7
48 6
20 0
32 1
43 49
32 44
31 25
4 0
26 16
38 1
23 43
41 30
45 18
9 13
28 29
38 4
13 29
29 27
37 2
23 22
48 23
3 48
45 47
8 8
11 43
15 31
2 10
28 6
5 15
23 19
15 3
5 34
28 45
35 0
18 44
33 35
48 31
32 6
10 22
6 35
27 37
33 45
21 3
42 11
12 43
30 11
34 8
26 6
41 43
38 27
19 34
24 43
35 24
44 32
17 27
5 46
36 39
40 37
0 9
27 3
11 25
43 45
16 15
4 6
18 41
35 48
25 13
18 7
36 44
46 43
22 11
30 5
8 47
20 40
23 27
13 4
46 22
0 41
41 46
24 29
45 3
44 43
17 37
40 29
41 25
34 10
0 7
43 17
17 3
28 48
0 42
44 4
23 3
36 47
46 26
36 5
49 6
28 17
1 19
41 16
17 46
43 37
21 12
17 49
44 47
1 28
42 4
18 18
12 20
44 18
25 19
34 24
34 9
49 14
37 14
13 1
19 40
17 33
18 34
2 36
19 48
37 47
24 18
43 32
21 19
34 43
45 11
43 42
48 40
49 40
43 24
49 24
14 23
15 33
38 11
2 13
8 49
38 45
31 20
18 21
8 7
47 32
38 22
23 6
6 39
6 45
1 23
18 0
47 36
41 6
10 13
1 30
41 45
28 49
5 14
35 27
24 4
6 17
27 5
18 48
40 25
10 32
39 46
22 36
26 20
1 47
35 43
22 16
16 28
38 46
39 44
6 26
2 8
36 8
27 28
49 30
45 28
12 26
19 27
41 47
35 31
6 34
9 6
21 45
15 16
27 49
5 36
38 25
30 37
5 32
3 0
38 15
8 10
40 49
47 7
4 4
37 35
49 42
32 33
1 29
0 14
33 7
18 10
18 8
41 32
37 34
49 1
6 42
12 10
20 35
13 15
47 27
24 34
3 33
28 36
25 49
12 34
24 42
12 23
22 3
47 22
0 37
17 6
31 47
7 49
40 48
35 47
34 42
25 46
5 28
38 42
3 43
9 24
4 15
9 42
49 25
36 11
47 18
13 27
12 46
30 40
36 23
16 44
36 37
49 21
44 27
40 35
18 6
29 8
36 30
16 20
34 47
11 40
0 4
33 16
41 20
38 6
7 16
7 28
40 32
8 46
34 46
39 26
14 0
36 29
26 22
29 1
20 38
12 44
0 43
47 39
8 40
2 29
9 21
42 39
36 21
1 34
36 19
47 4
48 2
5 38
32 15
16 31
29 23
27 21
13 32
40 16
38 19
39 13
21 33
9 14
49 45
22 41
16 27
2 15
41 38
10 17
5 37
24 22
39 41
48 4
34 18
41 22
18 24
26 37
33 41
15 24
2 46
6 24
26 27
5 18
41 41
15 41
21 9
0 17
24 14
5 7
2 16
32 39
46 45
3 2
1 26
3 34
49 0
36 45
26 42
0 40
45 2
0 15
10 34
0 32
6 36
17 32
16 16
1 10
21 43
17 20
45 33
15 46
33 40
39 33
17 29
3 29
13 0
2 45
11 1
18 13
13 7
4 26
17 11
29 14
22 5
8 14
46 15
30 15
46 40
14 44
15 0
6 6
33 11
17 15
45 25
4 48
19 29
42 47
47 9
8 22
9 47
49 49
20 20
36 34
41 49
17 8
44 19
31 29
26 24
7 24
34 28
31 14
49 18
38 7
43 4
5 47
17 5
33 47
29 36
5 33
4 30
2 4
29 38
20 4
22 26
1 15
36 31
30 25
10 14
40 38
42 18
20 31
11 19
31 40
33 22
13 2
2 28
21 48
47 45
6 22
27 44
37 3
18 30
5 16
8 12
6 18
1 42
2 34
23 20
12 0
25 11
0 45
1 33
48 34
45 37
8 9
21 16
41 33
48 39
33 5
47 46
19 25
20 30
42 35
39 23
30 23
27 36
31 35
22 45
29 35
13 35
35 33
36 46
48 35
36 38
42 15
46 36
11 26
47 21
2 14
39 22
7 20
9 30
48 41
10 10
41 17
33 25
36 49
25 40
45 16
35 15
4 12
2 38
6 25
30 49
29 29
13 38
17 21
19 39
8 15
47 3
15 29
16 39
13 21
41 9
31 22
14 16
18 49
5 0
44 36
27 13
23 21
11 23
34 2
37 17
13 3
45 13
6 20
9 5
46 33
23 2
29 19
26 43
21 44
7 21
37 49
19 46
15 2
42 3
7 40
36 9
19 9
28 1
6 31
28 24
45 43
24 16
21 7
45 24
38 33
8 45
32 0
8 5
42 32
8 24
37 44
33 14
14 14
25 5
13 17
42 31
19 30
18 28
48 20
29 41
16 37
8 26
25 9
18 20
35 14
6 47
10 1
8 28
44 39
24 26
19 1
2 44
23 39
37 36
19 23
15 44
28 26
8 2
46 37
15 38
16 38
32 24
33 15
12 16
42 34
22 49
32 2
25 16
17 44
4 43
24 49
22 21
33 13
23 10
25 24
35 1
22 8
45 26
20 41
38 29
43 8
16 3
39 3
29 49
22 2
2 19
4 29
34 38
13 34
22 48
3 3
7 18
33 37
45 29
11 44
9 11
7 26
42 22
28 46
11 35
35 29
16 32
6 8
49 20
46 24
20 26
6 33
38 14
4 27
4 23
2 25
11 42
46 28
5 4
2 33
12 49
11 47
5 40
28 30
40 6
48 44
10 48
16 30
15 14
29 43
32 5
36 33
32 38
32 8
46 38
28 38
45 9
19 44
12 19
43 11
3 40
36 26
3 4
0 18
23 47
46 16
2 0
17 23
47 29
24 28
25 17
40 11
17 4
38 23
30 9
40 21
34 49
44 42
17 13
3 17
27 10
41 12
22 34
16 0
2 47
21 11
16 35
39 18
32 49
9 8
33 49
35 7
20 21
42 30
27 6
45 36
18 35
28 10
1 49
14 35
26 7
37 41
38 43
9 46
31 11
39 34
23 49
31 49
42 6
40 19
23 38
6 38
13 20
16 8
35 23
33 38
19 19
45 4
44 41
41 37
3 27
35 26
20 36
49 48
37 1
33 21
0 28
16 34
49 7
40 31
23 41
39 49
13 45
26 1
39 35
24 45
45 20
42 2
24 23
40 5
6 15
14 30
